100 1.0573808917921579301e-215
99 1.0536467743416106399e-209
98 4.7263839653101969146e-204
97 1.2725088169810864695e-198
96 2.3132976283302097802e-193
95 3.028713659146524853e-188
94 2.9748003726575411343e-183
93 2.2545129395442348089e-178
92 1.3458153263349253019e-173
91 6.4281042243209753023e-169
90 2.4872947915999079388e-164
89 7.8753563670964220295e-160
88 2.0573229699945351007e-155
87 4.4651570289051216045e-151
86 8.0990914496684415322e-147
85 1.2339800036459959818e-142
84 1.5862504528880267939e-138
83 1.7270766139765594141e-134
82 1.5981484431857112435e-130
81 1.260707532504952098e-126
80 8.5014102050779517376e-123
79 4.9126566742468519889e-119
78 2.4381376183975450057e-115
77 1.0413469999729253183e-111
76 3.8346873185815775028e-108
75 1.2195382678419778956e-104
74 3.3547908145424069049e-101
73 7.9939228221760422547e-98
72 1.6521555784980055865e-94
71 2.9652905687821315645e-91
70 4.6269917177777372958e-88
69 6.2834724275726118918e-85
68 7.4334810366302182968e-82
67 7.6677616366609350958e-79
66 6.9022985506407971122e-76
65 5.4263425671563583335e-73
64 3.7284209716451175679e-70
63 2.2404784390436521108e-67
62 1.1782235656012257683e-64
61 5.4254913942154864187e-62
60 2.1888171659775372499e-59
59 7.7402607076323835908e-57
58 2.4003622183458738478e-54
57 6.530639786108833815e-52
56 1.5594044842477094999e-49
55 3.2691606571999735046e-47
54 6.0189772351828291384e-45
53 9.7350206379256683791e-43
52 1.3835085130584542797e-40
51 1.7280040925984125365e-38
50 1.8971286619131026961e-36
49 1.831018017858017086e-34
48 1.5537107752081624651e-32
47 1.1591777464971107966e-30
46 7.6038716159571338452e-29
45 4.3853901732480143295e-27
44 2.2234872089804820406e-25
43 9.9096319916182852338e-24
42 3.881491739757583914e-22
41 1.3358468908949644379e-20
40 4.0383652998427691601e-19
39 1.0719959968041084388e-17
38 2.4976924717341830337e-16
37 5.1054302877747647765e-15
36 9.1501889771028863677e-14
35 1.4369895464104988745e-12
34 1.9759970680181290595e-11
33 2.377222973465018825e-10
32 2.4997755710622693189e-09
31 2.2952324610942745285e-08
30 1.8379756109757617815e-07
29 1.2819569594529190542e-06
28 7.7766978846784700974e-06
27 4.0963753542922231882e-05
26 0.0001870254845071765872
25 0.00073862159456249794159
24 0.0025175963447122439892
23 0.0073875821464151773881
22 0.018610228316895755279
21 0.040120806885031476336
20 0.07376074894275600004
19 0.11518519717269618581
18 0.15210396206467828611
17 0.1689879703731279911
16 0.15705004557875153106
15 0.12128941678476816135
14 0.077252730994700644868
13 0.040224414457943035678
12 0.016946632779115885794
11 0.005707153470359787118
10 0.0015142332352626029
9 0.00031099685013569024008
8 4.838020648455357613e-05
7 5.5463630702631912112e-06
6 4.5216258259105175227e-07
5 2.4983015508797745031e-08
4 8.7377473810347039331e-10
3 1.7422115819982189032e-11
2 1.6514440623411481184e-13
1 4.9646570408632300749e-16
