100 3.1799709001977494982e-22
99 2.689038203740974742e-20
98 1.1095456946423649442e-18
97 2.9779710774081727569e-17
96 5.8477315057876260725e-16
95 8.9595239102567817409e-15
94 1.1154496446806849911e-13
93 1.1604412518487078991e-12
92 1.0295878621380798869e-11
91 7.912469764222550601e-11
90 5.3316766848889445703e-10
89 3.1811254847038203867e-09
88 1.6941900945286289026e-08
87 8.1082431960553479393e-08
86 3.5070507139870795791e-07
85 1.3775796876765544387e-06
84 4.9348036150224061e-06
83 1.6180166302875788817e-05
82 4.8712473998259219841e-05
81 0.00013503915612484834465
80 0.00034555632347451226692
79 0.00081803892988548043485
78 0.0017950514903063699932
77 0.0036575330684239819111
76 0.0069308815161895278569
75 0.01223170721987396909
74 0.02012938096218492296
73 0.030924894057966699228
72 0.044397562892070183169
71 0.059617735890442710088
70 0.074938904012861154792
69 0.088240106904617052006
68 0.097392861503138935136
67 0.10081684248765088566
66 0.097925433301948830042
65 0.089288806236038375648
64 0.076452741521414418041
63 0.06149124637655552314
62 0.046468948741457174943
61 0.03300071918236813161
60 0.022026937307585177215
59 0.013819500862025096549
58 0.0081499390867693852358
57 0.0045178908107191347265
56 0.0023540290457947649706
55 0.0011527576770739099386
54 0.00053045674657873623821
53 0.000229331452997361681
52 9.3126913111077023008e-05
51 3.5510859430239238108e-05
50 1.271094991156268786e-05
49 4.2693509375553116657e-06
48 1.3450184203512009315e-06
47 3.9725693897952772362e-07
46 1.0994215527727221584e-07
45 2.8494213372560149703e-08
44 6.9115538708239608068e-09
43 1.5679206126608068073e-09
42 3.3241398492827242235e-10
41 6.5810074768479393043e-11
40 1.2155884470805535016e-11
39 2.0929345399535801437e-12
38 3.3555392499517477795e-13
37 5.004217845176568442e-14
36 6.9338048955726950246e-15
35 8.9150770670476958598e-16
34 1.0622155262099027436e-16
33 1.1711338025373911529e-17
32 1.192976008275268194e-18
31 1.1208872152054114916e-19
30 9.6964987130717199006e-21
29 7.7081031211841933655e-22
28 5.6188742332370999149e-23
27 3.7474525591809618619e-24
26 2.2810883195466928145e-25
25 1.2638934224003469568e-26
24 6.3559882755132838778e-28
23 2.891932460049187749e-29
22 1.1863846106195893403e-30
21 4.371692165991085694e-32
20 1.4409496201495896591e-33
19 4.2288377158063358877e-35
18 1.0993693490485032905e-36
17 2.5173116951527888356e-38
16 5.0445136272141277096e-40
15 8.7831423260548789919e-42
14 1.317824697075454187e-43
13 1.6879057034716942312e-45
12 1.8255047979610718905e-47
11 1.6459520608358059153e-49
10 1.2186471437692243759e-51
9 7.2753346207132664725e-54
8 3.4248196423911748807e-56
7 1.2360952649729101135e-58
6 3.2987890144168316314e-61
5 6.2002364246893440245e-64
4 7.6612717689903424914e-67
3 5.6017654077232963184e-70
2 2.0199852189699824641e-73
1 2.3951213870466519975e-77
